IA: 0 3 7 11 15 22 26 31 37 42 46 51 54 
JA: 0 1 3 0 1 2 4 1 2 4 5 0 3 4 6 1 2 3 4 5 6 7 2 4 5 8 3 4 6 7 9 4 6 7 8 9 10 5 7 8 10 11 6 7 9 10 7 8 9 10 11 8 10 11 
N: 12
A: 1.88838 0.540302 -0.989992 0.540302 2.14111 0.283662 -0.91113 0.283662 0.858324 0.136737 -0.275163 -0.989992 2.80221 0.988705 -0.292139 -0.91113 0.136737 0.988705 4.81241 -0.748058 -0.84857 0.266643 -0.275163 -0.748058 2.39582 -0.918283 -0.292139 -0.84857 2.66078 0.0221268 0.99339 0.266643 0.0221268 2.54638 -0.309023 -0.895971 0.56975 -0.918283 -0.309023 3.73825 -0.819288 0.98278 0.99339 -0.895971 3.04349 -0.577002 0.56975 -0.819288 -0.577002 3.14701 0.584209 0.98278 0.584209 1.93366 
b: 0 0.841471 0.909297 0.14112 -0.756802 -0.958924 -0.279415 0.656987 0.989358 0.412118 -0.544021 -0.99999 
